0 2.1219253540039062e-05
1 0.00020956993103027344
n^2 + 2 n + 2  ------>  1
n^2 - 0 n + 2  ------>  2
2 0.00032782554626464844
n^2 - 1 n + 3  ------>  3
3 0.00034117698669433594
4 0.0003559589385986328
n^2 + 5 n + 5  ------>  5
5 0.0006804466247558594
6 0.0004918575286865234
n^2 - 3 n + 7  ------>  6
7 0.0006954669952392578
8 0.0006401538848876953
9 0.0007476806640625
10 0.0008330345153808594
n^2 + 1 n + 11  ------>  10
n^2 - 1 n + 11  ------>  11
11 0.0014202594757080078
12 0.0009918212890625
n^2 - 3 n + 13  ------>  12
13 0.0012726783752441406
14 0.0011615753173828125
15 0.0021991729736328125
16 0.001529693603515625
n^2 + 1 n + 17  ------>  16
n^2 - 1 n + 17  ------>  17
17 0.0020084381103515625
18 0.0016891956329345703
n^2 - 3 n + 19  ------>  18
19 0.002176046371459961
20 0.0018711090087890625
21 0.001994609832763672
22 0.002051115036010742
n^2 - 5 n + 23  ------>  19
23 0.002654552459716797
24 0.0022487640380859375
25 0.002383708953857422
26 0.0024290084838867188
27 0.0035893917083740234
28 0.002877473831176758
n^2 - 7 n + 29  ------>  20
29 0.0041961669921875
30 0.0031926631927490234
31 0.0036292076110839844
32 0.003285646438598633
33 0.0034029483795166016
34 0.003512144088745117
35 0.003627777099609375
36 0.0036699771881103516
n^2 - 9 n + 37  ------>  21
37 0.0047512054443359375
38 0.004002571105957031
39 0.004132270812988281
40 0.004180431365966797
n^2 + 1 n + 41  ------>  40
n^2 - 1 n + 41  ------>  41
41 0.012646913528442383
42 0.006880998611450195
n^2 - 3 n + 43  ------>  42
43 0.008369922637939453
44 0.007222414016723633
45 0.00741887092590332
46 0.007613420486450195
n^2 - 5 n + 47  ------>  43
47 0.009078741073608398
48 0.007920026779174805
49 0.008125543594360352
50 0.008319377899169922
51 0.00848698616027832
52 0.008524894714355469
n^2 - 7 n + 53  ------>  44
53 0.009961366653442383
54 0.00882720947265625
55 0.009068965911865234
56 0.009224176406860352
57 0.009350776672363281
58 0.009502649307250977
59 0.010546207427978516
60 0.010028839111328125
n^2 - 9 n + 61  ------>  45
61 0.013114690780639648
62 0.010945558547973633
63 0.010523319244384766
64 0.010482311248779297
65 0.010767459869384766
66 0.01085209846496582
67 0.012448787689208984
68 0.011338472366333008
69 0.011385917663574219
70 0.01142740249633789
n^2 - 11 n + 71  ------>  46
71 0.013146400451660156
72 0.011853456497192383
73 0.013190269470214844
74 0.012072324752807617
75 0.012341976165771484
76 0.013180971145629883
77 0.012757301330566406
78 0.012776851654052734
79 0.013780593872070312
80 0.013074874877929688
81 0.013292312622070312
82 0.01338052749633789
n^2 - 13 n + 83  ------>  47
83 0.015552282333374023
84 0.013951301574707031
85 0.014284610748291016
86 0.014067888259887695
87 0.014315366744995117
88 0.014396905899047852
89 0.01576828956604004
90 0.014709711074829102
91 0.01493382453918457
92 0.015183210372924805
93 0.0317683219909668
94 0.016288280487060547
95 0.024061918258666992
96 0.03581595420837402
n^2 - 15 n + 97  ------>  48
97 0.0666353702545166
98 0.04736328125
99 0.04604077339172363
100 0.03313255310058594
101 0.0395350456237793
102 0.043891191482543945
103 0.06215333938598633
104 0.0268099308013916
105 0.017513275146484375
106 0.017675399780273438
107 0.01906609535217285
108 0.018681049346923828
109 0.019860506057739258
110 0.018611431121826172
111 0.019298791885375977
112 0.01901698112487793
n^2 - 17 n + 113  ------>  49
113 0.02098679542541504
114 0.01895427703857422
115 0.018958568572998047
116 0.019655466079711914
117 0.019522428512573242
118 0.01934051513671875
119 0.02445244789123535
120 0.01983642578125
121 0.025693655014038086
122 0.02053070068359375
123 0.020842552185058594
124 0.020740270614624023
125 0.021172523498535156
126 0.02083563804626465
127 0.022629976272583008
128 0.021120548248291016
129 0.02153754234313965
130 0.021327972412109375
n^2 - 19 n + 131  ------>  50
131 0.023984193801879883
132 0.02150416374206543
133 0.02184748649597168
134 0.021965503692626953
135 0.02271294593811035
136 0.04489016532897949
137 0.04875969886779785
138 0.031977176666259766
139 0.06580305099487305
140 0.07444453239440918
141 0.04590320587158203
142 0.04630446434020996
143 0.04631948471069336
144 0.04605889320373535
145 0.05031633377075195
146 0.046956539154052734
147 0.05481266975402832
148 0.044789791107177734
149 0.029257535934448242
150 0.025842666625976562
n^2 - 21 n + 151  ------>  51
151 0.028934955596923828
152 0.026319503784179688
153 0.026573896408081055
154 0.026630878448486328
155 0.02672410011291504
156 0.02645587921142578
157 0.02811408042907715
158 0.03815937042236328
159 0.026276350021362305
160 0.026435375213623047
161 0.03648495674133301
162 0.053171396255493164
163 0.05162334442138672
164 0.027109861373901367
165 0.031590938568115234
166 0.031092166900634766
167 0.03258037567138672
168 0.030881643295288086
169 0.030630111694335938
170 0.030649423599243164
171 0.031265974044799805
172 0.030779600143432617
n^2 - 23 n + 173  ------>  52
173 0.034247398376464844
174 0.03129291534423828
175 0.031882286071777344
176 0.03295183181762695
177 0.033171892166137695
178 0.033522844314575195
179 0.0375058650970459
180 0.044656991958618164
181 0.04846334457397461
182 0.06369423866271973
183 0.03839468955993652
184 0.03326010704040527
185 0.033644676208496094
186 0.03339052200317383
187 0.036072731018066406
188 0.03693079948425293
189 0.0714867115020752
190 0.05460405349731445
191 0.049028873443603516
192 0.04196953773498535
193 0.03878450393676758
194 0.036969900131225586
195 0.036422014236450195
196 0.03757190704345703
n^2 - 25 n + 197  ------>  53
197 0.045940399169921875
198 0.0405123233795166
199 0.04361534118652344
200 0.04073071479797363
201 0.04132342338562012
202 0.0414280891418457
203 0.0422821044921875
204 0.04161214828491211
205 0.041777610778808594
206 0.04207015037536621
207 0.04251718521118164
208 0.042344093322753906
209 0.042606353759765625
210 0.04257774353027344
211 0.05305814743041992
212 0.0849921703338623
213 0.04533100128173828
214 0.04401898384094238
215 0.0452113151550293
216 0.04468059539794922
217 0.04456663131713867
218 0.04430103302001953
219 0.046267032623291016
220 0.0447232723236084
221 0.045623779296875
222 0.04719996452331543
n^2 - 27 n + 223  ------>  54
223 0.05159330368041992
224 0.04790687561035156
225 0.04899907112121582
226 0.04792189598083496
227 0.052207231521606445
228 0.04859495162963867
229 0.05169558525085449
230 0.047278404235839844
231 0.04724860191345215
232 0.08773994445800781
233 0.06900382041931152
234 0.04947018623352051
235 0.04908418655395508
236 0.04856395721435547
237 0.04844379425048828
238 0.04860544204711914
239 0.0521245002746582
240 0.05058121681213379
241 0.05500340461730957
242 0.050679922103881836
243 0.05009627342224121
244 0.05045747756958008
245 0.05027127265930176
246 0.050113677978515625
247 0.05046725273132324
248 0.05283975601196289
249 0.05298304557800293
250 0.06249499320983887
n^2 - 29 n + 251  ------>  55
251 0.09708213806152344
252 0.05392193794250488
253 0.05534863471984863
254 0.054841041564941406
255 0.05341005325317383
256 0.05234479904174805
257 0.05704903602600098
258 0.05244565010070801
259 0.052880287170410156
260 0.05309748649597168
261 0.05405473709106445
262 0.05642962455749512
263 0.06825542449951172
264 0.05778050422668457
265 0.05832362174987793
266 0.05704784393310547
267 0.07612967491149902
268 0.09572863578796387
269 0.06585693359375
270 0.0652773380279541
271 0.06587052345275879
272 0.06086325645446777
273 0.0662834644317627
274 0.06479978561401367
275 0.06560015678405762
276 0.0654444694519043
277 0.07057857513427734
278 0.06586861610412598
279 0.06619858741760254
280 0.06626009941101074
n^2 - 31 n + 281  ------>  56
281 0.07186532020568848
282 0.11606407165527344
283 0.07312154769897461
284 0.0685124397277832
285 0.0684823989868164
286 0.06784296035766602
287 0.06829833984375
288 0.06830930709838867
289 0.0688486099243164
290 0.06872224807739258
291 0.07005167007446289
292 0.06931114196777344
293 0.07440924644470215
294 0.06952166557312012
295 0.07689499855041504
296 0.11493802070617676
297 0.07248950004577637
298 0.07153058052062988
299 0.07116532325744629
300 0.07104969024658203
301 0.07169604301452637
302 0.07621645927429199
303 0.07680797576904297
304 0.07375454902648926
305 0.07901740074157715
306 0.08205366134643555
307 0.08247089385986328
308 0.11182761192321777
309 0.09422516822814941
310 0.07958793640136719
311 0.08451271057128906
312 0.07911133766174316
n^2 - 33 n + 313  ------>  57
313 0.08458209037780762
314 0.07919001579284668
315 0.07961153984069824
316 0.0927736759185791
317 0.08608388900756836
318 0.08015871047973633
319 0.08077788352966309
320 0.13761329650878906
321 0.0834956169128418
322 0.0820615291595459
323 0.08193826675415039
324 0.08165264129638672
325 0.08211994171142578
326 0.0824899673461914
327 0.0839385986328125
328 0.08275794982910156
329 0.08350992202758789
330 0.0830683708190918
331 0.13889026641845703
332 0.09032511711120605
333 0.08906030654907227
334 0.08719372749328613
335 0.08770251274108887
336 0.08786892890930176
337 0.09360575675964355
338 0.10182309150695801
339 0.08911585807800293
340 0.08929610252380371
341 0.08930540084838867
342 0.14861679077148438
343 0.09514045715332031
344 0.09362530708312988
345 0.09344673156738281
346 0.09386563301086426
n^2 - 35 n + 347  ------>  58
347 0.10153651237487793
348 0.09728693962097168
349 0.10414791107177734
350 0.0944986343383789
351 0.13948559761047363
352 0.1604926586151123
353 0.11558079719543457
354 0.10896873474121094
355 0.10892915725708008
356 0.1143803596496582
357 0.11455607414245605
358 0.10826420783996582
359 0.1175076961517334
360 0.16590595245361328
361 0.13526558876037598
362 0.1314868927001953
363 0.11465167999267578
364 0.13168120384216309
365 0.11175179481506348
366 0.11031103134155273
367 0.13934636116027832
368 0.1489248275756836
369 0.11278152465820312
370 0.11194491386413574
371 0.11266851425170898
372 0.11245012283325195
373 0.12029409408569336
374 0.11396217346191406
375 0.14555907249450684
376 0.17291903495788574
377 0.19352173805236816
378 0.1726398468017578
379 0.146928071975708
380 0.12496566772460938
381 0.13847017288208008
382 0.17111706733703613
n^2 - 37 n + 383  ------>  59
383 0.12665581703186035
384 0.116485595703125
385 0.11762523651123047
386 0.12001228332519531
387 0.11846804618835449
388 0.1174020767211914
389 0.12490653991699219
390 0.19544053077697754
391 0.1273491382598877
392 0.11891412734985352
393 0.11915278434753418
394 0.1749882698059082
395 0.1922011375427246
396 0.1490631103515625
397 0.1556715965270996
398 0.12793803215026855
399 0.12912487983703613
400 0.12363457679748535
401 0.15335488319396973
402 0.12437057495117188
403 0.13917827606201172
404 0.18983173370361328
405 0.13338017463684082
406 0.16431689262390137
407 0.14703679084777832
408 0.18742918968200684
409 0.16353249549865723
410 0.1969149112701416
411 0.21745729446411133
412 0.18320155143737793
413 0.14586424827575684
414 0.13485217094421387
415 0.22779107093811035
416 0.17019963264465332
417 0.2576301097869873
418 0.22585105895996094
419 0.17629694938659668
420 0.22381114959716797
n^2 - 39 n + 421  ------>  60
421 0.17753124237060547
422 0.1679823398590088
423 0.163360595703125
424 0.16186881065368652
425 0.1674356460571289
426 0.22344446182250977
427 0.17300987243652344
428 0.17258930206298828
429 0.17321085929870605
430 0.17121100425720215
431 0.23861336708068848
432 0.1672043800354004
433 0.17420411109924316
434 0.17687582969665527
435 0.16736936569213867
436 0.16648101806640625
437 0.22721266746520996
438 0.16773271560668945
439 0.17589235305786133
440 0.16846394538879395
441 0.1687483787536621
442 0.2583765983581543
443 0.18005156517028809
444 0.1840226650238037
445 0.28975701332092285
446 0.17499184608459473
447 0.22786521911621094
448 0.17097091674804688
449 0.18989324569702148
450 0.18013691902160645
451 0.17957520484924316
452 0.2329845428466797
453 0.18210148811340332
454 0.18351316452026367
455 0.1773052215576172
456 0.1885359287261963
457 0.23343348503112793
458 0.17696642875671387
459 0.17558526992797852
460 0.1751112937927246
n^2 - 41 n + 461  ------>  61
461 0.18656063079833984
462 0.19321012496948242
463 0.22069215774536133
464 0.2431182861328125
465 0.23490285873413086
466 0.1777350902557373
467 0.24229884147644043
468 0.19051361083984375
469 0.18863749504089355
470 0.19028759002685547
471 0.21803832054138184
472 0.25359606742858887
473 0.18213176727294922
474 0.18779730796813965
475 0.18407106399536133
476 0.18256092071533203
477 0.33187365531921387
478 0.18463873863220215
479 0.19576263427734375
480 0.21313023567199707
481 0.2530689239501953
482 0.19928383827209473
483 0.18870139122009277
484 0.3098642826080322
485 0.46881937980651855
486 0.3452742099761963
487 0.33217477798461914
488 0.19849944114685059
489 0.23981642723083496
490 0.2013561725616455
491 0.21050405502319336
492 0.19133996963500977
493 0.2529022693634033
494 0.1977550983428955
495 0.21012639999389648
496 0.19094514846801758
497 0.19846701622009277
498 0.24610543251037598
499 0.20807242393493652
500 0.20131230354309082
501 0.19669175148010254
502 0.20581412315368652
n^2 - 43 n + 503  ------>  62
503 0.2672083377838135
504 0.197401762008667
505 0.1943047046661377
506 0.1961379051208496
507 0.2212378978729248
508 0.22976970672607422
509 0.21363091468811035
510 0.2013845443725586
511 0.204941987991333
512 0.26503682136535645
513 0.2469789981842041
514 0.3039989471435547
515 0.31081151962280273
516 0.36827945709228516
517 0.22169041633605957
518 0.25849199295043945
519 0.264249324798584
520 0.20498228073120117
521 0.22269940376281738
522 0.21595549583435059
523 0.24246978759765625
524 0.26676344871520996
525 0.2109088897705078
526 0.2713901996612549
527 0.35855674743652344
528 0.2246847152709961
529 0.22729039192199707
530 0.21701383590698242
531 0.21300601959228516
532 0.5012805461883545
533 0.21854496002197266
534 0.24380207061767578
535 0.26761698722839355
536 0.21031856536865234
537 0.22199201583862305
538 0.22829699516296387
539 0.29917287826538086
540 0.2235109806060791
541 0.23214268684387207
542 0.2248551845550537
543 0.28201937675476074
544 0.23858165740966797
545 0.25670623779296875
546 0.23533940315246582
n^2 - 45 n + 547  ------>  63
547 0.28803515434265137
548 0.23577237129211426
549 0.40639448165893555
550 0.26755738258361816
551 0.24837255477905273
552 0.2316577434539795
553 0.24632954597473145
554 0.3106110095977783
555 0.28235960006713867
556 0.44511985778808594
557 0.3095736503601074
558 0.22223782539367676
559 0.3515782356262207
560 0.2222745418548584
561 0.27359628677368164
562 0.22163796424865723
563 0.23529791831970215
564 0.22243475914001465
565 0.2778148651123047
566 0.22317099571228027
567 0.22472476959228516
568 0.22417235374450684
569 0.2870974540710449
570 0.22553586959838867
571 0.2378711700439453
572 0.225724458694458
573 0.27713871002197266
574 0.22835898399353027
575 0.23129606246948242
576 0.23647761344909668
577 0.3345801830291748
578 0.2438206672668457
579 0.2354743480682373
580 0.23404645919799805
581 0.3242685794830322
582 0.23491120338439941
583 0.2585585117340088
584 0.24921536445617676
585 0.3225409984588623
586 0.25100064277648926
587 0.25214648246765137
588 0.3576009273529053
589 0.573723554611206
590 0.2351236343383789
591 0.2980213165283203
592 0.2360694408416748
n^2 - 47 n + 593  ------>  64
593 0.3569178581237793
594 0.3477654457092285
595 0.26090073585510254
596 0.238816499710083
597 0.36054253578186035
598 0.3156139850616455
599 0.261383056640625
600 0.24381780624389648
601 0.32333898544311523
602 0.2467353343963623
603 0.25748109817504883
604 0.23874974250793457
605 0.30332183837890625
606 0.25844693183898926
607 0.2655613422393799
608 0.25467348098754883
609 0.29297590255737305
610 0.25678205490112305
611 0.25064778327941895
612 0.27716994285583496
613 0.29065752029418945
614 0.2507283687591553
615 0.2560417652130127
616 0.3280506134033203
617 0.28430771827697754
618 0.2505331039428711
619 0.2803058624267578
620 0.31305813789367676
621 0.4111151695251465
622 0.5011897087097168
623 0.2819361686706543
624 0.2914564609527588
625 0.28485560417175293
626 0.3107426166534424
627 0.25731587409973145
628 0.3098576068878174
629 0.33139777183532715
630 0.2722048759460449
631 0.3021726608276367
632 0.3431832790374756
633 0.27816343307495117
634 0.39879441261291504
635 0.587404727935791
636 0.261674165725708
637 0.25922298431396484
638 0.31410694122314453
639 0.2604556083679199
640 0.3724966049194336
n^2 - 49 n + 641  ------>  65
641 0.33766961097717285
642 0.2852661609649658
643 0.35402941703796387
644 0.5798699855804443
645 0.32123255729675293
646 0.34311389923095703
647 0.31514859199523926
648 0.5255711078643799
649 0.4837987422943115
650 0.26699137687683105
651 0.26793384552001953
652 0.44556283950805664
653 0.30033254623413086
654 0.2745673656463623
655 0.4189915657043457
656 0.26966285705566406
657 0.2676234245300293
658 0.3194766044616699
659 0.2840449810028076
660 0.26770544052124023
661 0.334794282913208
662 0.2693498134613037
663 0.2709817886352539
664 0.26908040046691895
665 0.3730001449584961
666 0.31436777114868164
667 0.31496357917785645
668 0.36432814598083496
669 0.31694984436035156
670 0.31747007369995117
671 0.36887645721435547
672 0.31655192375183105
673 0.33722710609436035
674 0.3626728057861328
675 0.3194923400878906
676 0.3272230625152588
677 0.3785393238067627
678 0.3207108974456787
679 0.37361621856689453
680 0.32590508460998535
681 0.3233914375305176
682 0.3731851577758789
683 0.3381376266479492
684 0.32514071464538574
685 0.3877878189086914
686 0.3232889175415039
687 0.32518815994262695
688 0.37748169898986816
689 0.32693028450012207
690 0.3281550407409668
n^2 - 51 n + 691  ------>  66
691 0.39265990257263184
692 0.3263552188873291
693 0.3270072937011719
694 0.381213903427124
695 0.32871317863464355
696 0.3296394348144531
697 0.37761712074279785
698 0.3301045894622803
699 0.33336925506591797
700 0.3815286159515381
701 0.34847331047058105
702 0.35897207260131836
703 0.3542053699493408
704 0.33304286003112793
705 0.38495540618896484
706 0.33348560333251953
707 0.3351869583129883
708 0.3824958801269531
709 0.35282325744628906
710 0.33524513244628906
711 0.38512754440307617
712 0.3375728130340576
713 0.33865880966186523
714 0.3925197124481201
715 0.3378727436065674
716 0.3399779796600342
717 0.3883523941040039
718 0.3396110534667969
719 0.4072897434234619
720 0.3473677635192871
721 0.3413379192352295
722 0.3929309844970703
723 0.3410491943359375
724 0.34238100051879883
725 0.39176416397094727
726 0.3428053855895996
727 0.3622894287109375
728 0.39272069931030273
729 0.3740713596343994
730 0.41568708419799805
731 0.36717987060546875
732 0.36720943450927734
733 0.4366014003753662
734 0.36807894706726074
735 0.41728758811950684
736 0.5987331867218018
737 0.44885706901550293
738 0.376842737197876
739 0.38862061500549316
740 0.42108702659606934
741 0.3734276294708252
742 0.4215714931488037
n^2 - 53 n + 743  ------>  67
743 0.39275646209716797
744 0.37485551834106445
745 0.5169458389282227
746 0.3744618892669678
747 0.42641472816467285
748 0.40569567680358887
749 0.42725348472595215
750 0.5096797943115234
751 0.7223470211029053
752 0.40151238441467285
753 0.4437415599822998
754 0.3812093734741211
755 0.5351948738098145
756 0.41391539573669434
757 0.40286707878112793
758 0.4564495086669922
759 0.38222217559814453
760 0.45327115058898926
761 0.4618053436279297
762 0.4440951347351074
763 0.7604503631591797
764 0.4421675205230713
765 0.38521623611450195
766 0.45005226135253906
767 0.38991737365722656
768 0.3913705348968506
769 0.46726346015930176
770 0.3892242908477783
771 0.4439690113067627
772 0.3892068862915039
773 0.42250537872314453
774 0.45777392387390137
775 0.40367960929870605
776 0.4492149353027344
777 0.44386744499206543
778 0.4549524784088135
779 0.40678834915161133
780 0.4218153953552246
781 0.467327356338501
782 0.40116071701049805
783 0.566011905670166
784 0.42472290992736816
785 0.4516568183898926
786 0.4224698543548584
787 0.5304203033447266
788 0.4299030303955078
789 0.8414096832275391
790 0.4835023880004883
791 0.4435849189758301
792 0.3977324962615967
793 0.5655527114868164
794 0.41213130950927734
795 0.47362279891967773
796 0.4210805892944336
n^2 - 55 n + 797  ------>  68
797 0.5433895587921143
798 0.4756917953491211
799 0.5241327285766602
800 0.47464990615844727
801 0.5281832218170166
802 0.4586324691772461
803 0.5327954292297363
804 0.4879422187805176
805 0.5297496318817139
806 0.4810516834259033
807 0.5289883613586426
808 0.48163461685180664
809 0.5418269634246826
810 0.5201501846313477
811 0.7100944519042969
812 0.8292145729064941
813 0.48776865005493164
814 0.6281187534332275
815 0.5513916015625
816 0.6736006736755371
817 0.5680181980133057
818 0.48372411727905273
819 0.6357994079589844
820 0.9850752353668213
821 0.7842957973480225
822 0.47072458267211914
823 0.5447454452514648
824 0.47270798683166504
825 0.5953278541564941
826 1.0196115970611572
827 0.7812087535858154
828 0.4910299777984619
829 0.675243616104126
830 0.4838716983795166
831 0.537362813949585
832 0.4882688522338867
833 0.5879740715026855
834 0.4906172752380371
835 0.5783710479736328
836 0.5971448421478271
837 0.6840887069702148
838 0.5482444763183594
839 0.7530229091644287
840 0.5426506996154785
841 0.5439350605010986
842 0.5646743774414062
843 0.8319911956787109
844 0.6496541500091553
845 0.6216540336608887
846 0.6142013072967529
847 0.5155656337738037
848 0.5634753704071045
849 0.5117990970611572
850 0.8923134803771973
851 0.6842975616455078
852 0.5011787414550781
n^2 - 57 n + 853  ------>  69
853 0.5995464324951172
854 0.6015572547912598
855 0.8724186420440674
856 0.5404410362243652
857 0.603095531463623
858 0.5096776485443115
859 0.5887496471405029
860 0.4910762310028076
861 0.5829195976257324
862 0.49451661109924316
863 0.5793812274932861
864 0.49721527099609375
865 0.5482220649719238
866 0.49872279167175293
867 0.5516626834869385
868 0.5583982467651367
869 0.5048158168792725
870 0.561751127243042
871 0.5977365970611572
872 0.649977445602417
873 0.5318005084991455
874 0.617175817489624
875 0.9296102523803711
876 0.6285951137542725
877 0.6504499912261963
878 0.5820152759552002
879 0.5549509525299072
880 0.5767455101013184
881 0.9401662349700928
882 0.5539600849151611
883 0.5945067405700684
884 0.5587630271911621
885 0.5078704357147217
886 0.6759746074676514
887 0.681124210357666
888 0.5707085132598877
889 0.7262542247772217
890 0.9648311138153076
891 0.6271042823791504
892 0.8520007133483887
893 0.7176554203033447
894 1.0264935493469238
895 0.6087121963500977
896 0.8480961322784424
897 0.7270851135253906
898 0.6799740791320801
899 0.5803730487823486
900 0.6785101890563965
901 0.6368958950042725
902 0.6007497310638428
903 0.6379468441009521
904 1.0763990879058838
905 0.6185643672943115
906 0.5954973697662354
907 0.8095853328704834
908 0.6404974460601807
909 0.589637041091919
910 0.9138228893280029
n^2 - 59 n + 911  ------>  70
911 0.7512474060058594
912 0.5853114128112793
913 0.6275763511657715
914 0.6333608627319336
915 0.8693675994873047
916 0.583021879196167
917 0.8961474895477295
918 1.2308340072631836
919 1.456519603729248
920 1.036628246307373
921 0.6516730785369873
922 0.9662132263183594
923 0.9181613922119141
924 1.131330966949463
925 1.0643322467803955
926 1.035430669784546
927 1.1582605838775635
928 1.1047911643981934
929 1.130554437637329
930 1.2069225311279297
931 1.10479736328125
932 1.153688907623291
933 1.1420578956604004
934 1.2103404998779297
935 1.146008014678955
936 1.1641850471496582
937 1.234584093093872
938 1.1645476818084717
939 1.201418161392212
940 1.1588385105133057
941 1.6158576011657715
942 1.1680822372436523
943 1.1805455684661865
944 1.1783132553100586
945 1.2309587001800537
946 1.4246892929077148
947 1.262817621231079
948 1.1640987396240234
949 1.1401963233947754
950 1.1612064838409424
951 1.1613996028900146
952 1.1673963069915771
953 1.2163774967193604
954 1.1783404350280762
955 1.1767756938934326
956 1.1646077632904053
957 1.061084508895874
958 1.1405086517333984
959 1.2652859687805176
960 1.1256935596466064
961 0.9178094863891602
962 0.7781002521514893
963 0.8049736022949219
964 0.8718328475952148
965 0.8476438522338867
966 0.8765418529510498
967 1.1652536392211914
968 1.1862328052520752
969 1.2705707550048828
970 1.208787441253662
n^2 - 61 n + 971  ------>  71
971 1.2570414543151855
972 1.193643569946289
973 1.1887807846069336
974 1.1885004043579102
975 1.2252452373504639
976 1.217193603515625
977 1.2536535263061523
978 1.1788837909698486
979 1.1955130100250244
980 1.1898808479309082
981 1.2383134365081787
982 1.2111244201660156
983 1.2921714782714844
984 1.2066872119903564
985 1.5836162567138672
986 1.4361557960510254
987 1.2437806129455566
988 1.6006731986999512
989 1.35719895362854
990 1.251281499862671
991 1.289048671722412
992 1.2259955406188965
993 1.5281672477722168
994 1.2483208179473877
995 1.3049631118774414
996 1.2007992267608643
997 1.2511911392211914
998 1.459021806716919
999 1.3432221412658691
{'n': 71, 'i': 938, 'a': -61, 'j': 1970, 'b': 971}
n^2 - 61 n + 971  ------>  71
0 971
1 911
2 853
3 797
4 743
5 691
6 641
7 593
8 547
9 503
10 461
11 421
12 383
13 347
14 313
15 281
16 251
17 223
18 197
19 173
20 151
21 131
22 113
23 97
24 83
25 71
26 61
27 53
28 47
29 43
30 41
31 41
32 43
33 47
34 53
35 61
36 71
37 83
38 97
39 113
40 131
41 151
42 173
43 197
44 223
45 251
46 281
47 313
48 347
49 383
50 421
51 461
52 503
53 547
54 593
55 641
56 691
57 743
58 797
59 853
60 911
61 971
62 1033
63 1097
64 1163
65 1231
66 1301
67 1373
68 1447
69 1523
70 1601
