0 2.0742416381835938e-05
1 0.00021791458129882812
n^2 + 2 n + 2  ------>  1
n^2 - 0 n + 2  ------>  2
2 0.00034546852111816406
n^2 - 1 n + 3  ------>  3
3 0.00035309791564941406
4 0.0004284381866455078
n^2 + 5 n + 5  ------>  5
5 0.0007343292236328125
6 0.0005311965942382812
n^2 - 3 n + 7  ------>  6
7 0.0007293224334716797
8 0.0006933212280273438
9 0.0008127689361572266
10 0.0008838176727294922
n^2 + 1 n + 11  ------>  10
n^2 - 1 n + 11  ------>  11
11 0.0015211105346679688
12 0.001069784164428711
n^2 - 3 n + 13  ------>  12
13 0.00139617919921875
14 0.0012459754943847656
15 0.002370595932006836
16 0.0015971660614013672
n^2 + 1 n + 17  ------>  16
n^2 - 1 n + 17  ------>  17
17 0.002140045166015625
18 0.0018167495727539062
n^2 - 3 n + 19  ------>  18
19 0.002343416213989258
20 0.0020248889923095703
21 0.002144336700439453
22 0.0021750926971435547
n^2 - 5 n + 23  ------>  19
23 0.002843141555786133
24 0.0026535987854003906
25 0.002559185028076172
26 0.002607583999633789
27 0.0038504600524902344
28 0.003103494644165039
n^2 - 7 n + 29  ------>  20
29 0.0037164688110351562
30 0.003316164016723633
31 0.003595113754272461
32 0.0033097267150878906
33 0.0034346580505371094
34 0.003505706787109375
35 0.0036759376525878906
36 0.0037086009979248047
n^2 - 9 n + 37  ------>  21
37 0.00471806526184082
38 0.009148359298706055
39 0.004191160202026367
40 0.004285335540771484
n^2 + 1 n + 41  ------>  40
n^2 - 1 n + 41  ------>  41
41 0.012906312942504883
42 0.0069408416748046875
n^2 - 3 n + 43  ------>  42
43 0.008166313171386719
44 0.0072536468505859375
45 0.0074977874755859375
46 0.007582902908325195
n^2 - 5 n + 47  ------>  43
47 0.009133100509643555
48 0.007936716079711914
49 0.009788036346435547
50 0.008337020874023438
51 0.00863337516784668
52 0.008592844009399414
n^2 - 7 n + 53  ------>  44
53 0.010025739669799805
54 0.008973121643066406
55 0.00911092758178711
56 0.00925898551940918
57 0.009450912475585938
58 0.009540319442749023
59 0.01063394546508789
60 0.009863853454589844
n^2 - 9 n + 61  ------>  45
61 0.011329412460327148
62 0.010268926620483398
63 0.012879133224487305
64 0.02132439613342285
65 0.0216672420501709
66 0.02193760871887207
67 0.024250030517578125
68 0.014461755752563477
69 0.012858390808105469
70 0.011586427688598633
n^2 - 11 n + 71  ------>  46
71 0.013319015502929688
72 0.011837005615234375
73 0.013008832931518555
74 0.012356758117675781
75 0.012375593185424805
76 0.01330709457397461
77 0.012839794158935547
78 0.01282358169555664
79 0.013846635818481445
80 0.013204336166381836
81 0.013269901275634766
82 0.013520002365112305
n^2 - 13 n + 83  ------>  47
83 0.01554417610168457
84 0.013777017593383789
85 0.014368772506713867
86 0.014162302017211914
87 0.014409065246582031
88 0.01444101333618164
89 0.016891002655029297
90 0.014896631240844727
91 0.015247583389282227
92 0.015210151672363281
93 0.015590190887451172
94 0.015466451644897461
95 0.015964508056640625
96 0.01574563980102539
n^2 - 15 n + 97  ------>  48
97 0.021872997283935547
98 0.01656341552734375
99 0.017721891403198242
100 0.03362131118774414
101 0.020465850830078125
102 0.016944408416748047
103 0.01844000816345215
104 0.017322063446044922
105 0.017426729202270508
106 0.017574310302734375
107 0.021445512771606445
108 0.01775813102722168
109 0.019268512725830078
110 0.018065214157104492
111 0.01852250099182129
112 0.01840353012084961
n^2 - 17 n + 113  ------>  49
113 0.020863771438598633
114 0.01880049705505371
115 0.019047975540161133
116 0.019089937210083008
117 0.01951885223388672
118 0.019458770751953125
119 0.019835472106933594
120 0.019620656967163086
121 0.020021438598632812
122 0.027385711669921875
123 0.04117846488952637
124 0.04233050346374512
125 0.02706766128540039
126 0.020940065383911133
127 0.022537946701049805
128 0.020965099334716797
129 0.022049903869628906
130 0.02165508270263672
n^2 - 19 n + 131  ------>  50
131 0.024175405502319336
132 0.02173471450805664
133 0.022194623947143555
134 0.02424907684326172
135 0.022447586059570312
136 0.022291898727416992
137 0.026548147201538086
138 0.023317575454711914
139 0.024719715118408203
140 0.02309894561767578
141 0.02337646484375
142 0.02340102195739746
143 0.023855924606323242
144 0.02500295639038086
145 0.024914264678955078
146 0.02992558479309082
147 0.02486419677734375
148 0.0290374755859375
149 0.029009103775024414
150 0.025290489196777344
n^2 - 21 n + 151  ------>  51
151 0.02802586555480957
152 0.025063276290893555
153 0.025311946868896484
154 0.0260465145111084
155 0.02667999267578125
156 0.02800750732421875
157 0.032361745834350586
158 0.03766036033630371
159 0.027806520462036133
160 0.036330461502075195
161 0.052575111389160156
162 0.05119681358337402
163 0.03171253204345703
164 0.027302980422973633
165 0.03292584419250488
166 0.03068828582763672
167 0.03435373306274414
168 0.030423402786254883
169 0.03057575225830078
170 0.03055262565612793
171 0.03187990188598633
172 0.0315704345703125
n^2 - 23 n + 173  ------>  52
173 0.035291194915771484
174 0.032062530517578125
175 0.03420281410217285
176 0.034888505935668945
177 0.03883862495422363
178 0.03238391876220703
179 0.03902840614318848
180 0.03763580322265625
181 0.03863263130187988
182 0.042891740798950195
183 0.06689643859863281
184 0.061481475830078125
185 0.045267581939697266
186 0.04479098320007324
187 0.07095646858215332
188 0.05235028266906738
189 0.03874945640563965
190 0.038526296615600586
191 0.042604923248291016
192 0.03624296188354492
193 0.03967547416687012
194 0.03740382194519043
195 0.03973579406738281
196 0.03687286376953125
n^2 - 25 n + 197  ------>  53
197 0.0462954044342041
198 0.04030346870422363
199 0.04383516311645508
200 0.05024099349975586
201 0.050986289978027344
202 0.05904126167297363
203 0.04770660400390625
204 0.043039798736572266
205 0.04373502731323242
206 0.04324603080749512
207 0.04364609718322754
208 0.04771161079406738
209 0.0886223316192627
210 0.04738044738769531
211 0.046457529067993164
212 0.04509258270263672
213 0.04554414749145508
214 0.044808149337768555
215 0.04460573196411133
216 0.04518294334411621
217 0.04463791847229004
218 0.044570207595825195
219 0.13594388961791992
220 0.04984617233276367
221 0.045374393463134766
222 0.04503297805786133
n^2 - 27 n + 223  ------>  54
223 0.04929828643798828
224 0.045828819274902344
225 0.045902252197265625
226 0.04598283767700195
227 0.06998920440673828
228 0.07694482803344727
229 0.050506591796875
230 0.047600746154785156
231 0.04757976531982422
232 0.050042152404785156
233 0.051471710205078125
234 0.050039052963256836
235 0.04833245277404785
236 0.048027992248535156
237 0.048699378967285156
238 0.06570577621459961
239 0.06962203979492188
240 0.051676273345947266
241 0.05258965492248535
242 0.04940390586853027
243 0.04956865310668945
244 0.049523353576660156
245 0.05002927780151367
246 0.09678173065185547
247 0.061026811599731445
248 0.05048108100891113
249 0.05841350555419922
250 0.057138681411743164
n^2 - 29 n + 251  ------>  55
251 0.057775259017944336
252 0.054039955139160156
253 0.057058095932006836
254 0.0540006160736084
255 0.053716421127319336
256 0.059642791748046875
257 0.0581817626953125
258 0.05313277244567871
259 0.05331254005432129
260 0.05273747444152832
261 0.05324387550354004
262 0.05824685096740723
263 0.12853670120239258
264 0.0820763111114502
265 0.0762033462524414
266 0.07035517692565918
267 0.07920408248901367
268 0.07626819610595703
269 0.08034086227416992
270 0.07464480400085449
271 0.09933662414550781
272 0.08321380615234375
273 0.0830681324005127
274 0.07790255546569824
275 0.12917304039001465
276 0.06959772109985352
277 0.10076022148132324
278 0.08098149299621582
279 0.07880449295043945
280 0.07744455337524414
n^2 - 31 n + 281  ------>  56
281 0.0775449275970459
282 0.06776595115661621
283 0.07298040390014648
284 0.06824684143066406
285 0.07068014144897461
286 0.07410836219787598
287 0.13288664817810059
288 0.10916495323181152
289 0.081024169921875
290 0.07429623603820801
291 0.0776512622833252
292 0.07193732261657715
293 0.0770878791809082
294 0.07192587852478027
295 0.07097172737121582
296 0.07153701782226562
297 0.12325525283813477
298 0.1200711727142334
299 0.10800695419311523
300 0.07333493232727051
301 0.07344818115234375
302 0.07295751571655273
303 0.07572579383850098
304 0.07352566719055176
305 0.08115434646606445
306 0.07931208610534668
307 0.08456850051879883
308 0.07994246482849121
309 0.07969498634338379
310 0.08258557319641113
311 0.13558745384216309
312 0.08145451545715332
n^2 - 33 n + 313  ------>  57
313 0.09644508361816406
314 0.10510444641113281
315 0.0942983627319336
316 0.09463715553283691
317 0.08806085586547852
318 0.0940406322479248
319 0.08230042457580566
320 0.09445071220397949
321 0.14200377464294434
322 0.09645462036132812
323 0.08626675605773926
324 0.09816908836364746
325 0.08420419692993164
326 0.09709739685058594
327 0.11012601852416992
328 0.08878135681152344
329 0.09858369827270508
330 0.09797883033752441
331 0.15213966369628906
332 0.10325026512145996
333 0.1281297206878662
334 0.16103076934814453
335 0.09034466743469238
336 0.12853336334228516
337 0.11946654319763184
338 0.10924720764160156
339 0.15824508666992188
340 0.09124565124511719
341 0.10616946220397949
342 0.10989570617675781
343 0.11162972450256348
344 0.1066439151763916
345 0.09223580360412598
346 0.11761641502380371
n^2 - 35 n + 347  ------>  58
347 0.09966087341308594
348 0.13741064071655273
349 0.10342144966125488
350 0.11172175407409668
351 0.1452770233154297
352 0.21048545837402344
353 0.15300607681274414
354 0.10846090316772461
355 0.1400742530822754
356 0.1278517246246338
357 0.11014056205749512
358 0.11008882522583008
359 0.11660385131835938
360 0.11113286018371582
361 0.11093401908874512
362 0.11061906814575195
363 0.1111304759979248
364 0.16016268730163574
365 0.1130974292755127
366 0.1138620376586914
367 0.12051582336425781
368 0.11225533485412598
369 0.11411237716674805
370 0.11322474479675293
371 0.11351180076599121
372 0.1573164463043213
373 0.12708044052124023
374 0.11470890045166016
375 0.11612772941589355
376 0.12421536445617676
377 0.12502789497375488
378 0.12059950828552246
379 0.13065361976623535
380 0.16695833206176758
381 0.12416458129882812
382 0.1793828010559082
n^2 - 37 n + 383  ------>  59
383 0.16425251960754395
384 0.13978886604309082
385 0.12978291511535645
386 0.1461951732635498
387 0.1759331226348877
388 0.1484999656677246
389 0.15832948684692383
390 0.15092253684997559
391 0.18286347389221191
392 0.28394436836242676
393 0.2915794849395752
394 0.14113330841064453
395 0.1224069595336914
396 0.14528274536132812
397 0.15447735786437988
398 0.19021844863891602
399 0.1312248706817627
400 0.14763355255126953
401 0.16158175468444824
402 0.13542389869689941
403 0.1436448097229004
404 0.13328051567077637
405 0.2047901153564453
406 0.13893985748291016
407 0.13898897171020508
408 0.13470840454101562
409 0.1461622714996338
410 0.1351771354675293
411 0.15836215019226074
412 0.17331838607788086
413 0.14055752754211426
414 0.13762116432189941
415 0.1689772605895996
416 0.16083860397338867
417 0.16795587539672852
418 0.21960067749023438
419 0.17376446723937988
420 0.16576313972473145
n^2 - 39 n + 421  ------>  60
421 0.17278075218200684
422 0.16309881210327148
423 0.21629667282104492
424 0.17795515060424805
425 0.1657273769378662
426 0.16509318351745605
427 0.16875982284545898
428 0.16552448272705078
429 0.22339487075805664
430 0.16938495635986328
431 0.17840027809143066
432 0.16791749000549316
433 0.17611289024353027
434 0.20191097259521484
435 0.1951885223388672
436 0.16959428787231445
437 0.1728823184967041
438 0.17049551010131836
439 0.17947769165039062
440 0.2294774055480957
441 0.17343664169311523
442 0.17422246932983398
443 0.20933318138122559
444 0.18713140487670898
445 0.23556828498840332
446 0.1738724708557129
447 0.2218341827392578
448 0.19689583778381348
449 0.18346929550170898
450 0.24049997329711914
451 0.1778123378753662
452 0.17729854583740234
453 0.17944049835205078
454 0.17644500732421875
455 0.22448515892028809
456 0.1862962245941162
457 0.19059514999389648
458 0.1784360408782959
459 0.19969415664672852
460 0.22764277458190918
n^2 - 41 n + 461  ------>  61
461 0.2049858570098877
462 0.24092698097229004
463 0.3258044719696045
464 0.2447524070739746
465 0.19016718864440918
466 0.18621587753295898
467 0.20145320892333984
468 0.3070974349975586
469 0.29576778411865234
470 0.197859525680542
471 0.1846320629119873
472 0.18440866470336914
473 0.21094441413879395
474 0.23003363609313965
475 0.19432806968688965
476 0.19671344757080078
477 0.20551776885986328
478 0.24058794975280762
479 0.2271440029144287
480 0.1924147605895996
481 0.19962692260742188
482 0.19336390495300293
483 0.24445676803588867
484 0.20448923110961914
485 0.20145702362060547
486 0.1958003044128418
487 0.2111830711364746
488 0.2524378299713135
489 0.1938619613647461
490 0.20512962341308594
491 0.21202635765075684
492 0.22213268280029297
493 0.23824453353881836
494 0.2439885139465332
495 0.20235347747802734
496 0.22347760200500488
497 0.29250502586364746
498 0.48247504234313965
499 0.20719552040100098
{'i': 458, 'n': 61, 'a': -41, 'b': 461, 'j': 960}
n^2 - 41 n + 461  ------>  61
0 461
1 421
2 383
3 347
4 313
5 281
6 251
7 223
8 197
9 173
10 151
11 131
12 113
13 97
14 83
15 71
16 61
17 53
18 47
19 43
20 41
21 41
22 43
23 47
24 53
25 61
26 71
27 83
28 97
29 113
30 131
31 151
32 173
33 197
34 223
35 251
36 281
37 313
38 347
39 383
40 421
41 461
42 503
43 547
44 593
45 641
46 691
47 743
48 797
49 853
50 911
51 971
52 1033
53 1097
54 1163
55 1231
56 1301
57 1373
58 1447
59 1523
60 1601
